;;;;;;;;;;;;;;;;;;;;;;;;;;;;;;;;;;;;;;;
; Room: dchallway1
;;;;;;;;;;;;;;;;;;;;;;;;;;;;;;;;;;;;;;;
.(
	.byt RESOURCE_ROOM
	.word (res_end - res_start + 4)
	.byt 10
res_start
; No. columns, offset to tile map, offset to tiles
	.byt 128, <(column_data-res_start), >(column_data-res_start), <(tiles_start-res_start), >(tiles_start-res_start)
; No. zplanes and offsets to zplanes
	.byt 0
; No. Walkboxes and offsets to wb data and matrix
	.byt 1, <(wb_data-res_start), >(wb_data-res_start), <(wb_matrix-res_start), >(wb_matrix-res_start)
; Offset to palette
	.byt 0, 0	; No palette information
; Entry and exit scripts
	.byt 255, 255
; Number of objects in the room and list of ids
	.byt 0
; Room name (null terminated)
	.asc "dchallway1", 0
; Room tile map
column_data
	.byt 000, 000, 000, 000, 000, 000, 000, 000, 000, 000, 000, 000, 000, 000, 000, 000, 000
	.byt 000, 000, 000, 000, 000, 000, 000, 000, 000, 000, 000, 000, 000, 000, 000, 000, 000
	.byt 000, 000, 000, 000, 000, 000, 000, 000, 000, 000, 000, 000, 000, 000, 000, 000, 000
	.byt 000, 000, 000, 000, 000, 000, 000, 000, 000, 000, 000, 000, 000, 000, 000, 000, 000
	.byt 000, 000, 000, 000, 000, 000, 000, 000, 000, 000, 000, 000, 000, 000, 000, 000, 000
	.byt 000, 000, 000, 000, 000, 000, 000, 000, 000, 000, 000, 000, 000, 000, 000, 000, 000
	.byt 000, 000, 000, 000, 000, 000, 000, 000, 000, 000, 000, 000, 000, 000, 000, 000, 000
	.byt 000, 000, 000, 000, 000, 000, 000, 000, 000, 000, 000, 000, 000, 000, 000, 000, 000
	.byt 000, 000, 000, 000, 000, 000, 000, 000, 000, 000, 000, 000, 000, 000, 000, 000, 000
	.byt 000, 000, 000, 000, 000, 000, 000, 000, 000, 000, 000, 000, 000, 000, 000, 000, 000
	.byt 000, 000, 000, 000, 000, 000, 000, 000, 000, 000, 000, 000, 000, 000, 000, 000, 000
	.byt 000, 000, 000, 000, 000, 000, 000, 000, 000, 000, 000, 000, 000, 000, 000, 000, 000
	.byt 000, 000, 000, 000, 000, 000, 000, 000, 000, 000, 000, 000, 000, 000, 000, 000, 000
	.byt 000, 000, 000, 000, 000, 000, 000, 000, 000, 000, 000, 000, 000, 000, 000, 000, 000
	.byt 000, 000, 000, 000, 000, 000, 000, 000, 000, 000, 000, 000, 000, 000, 000, 000, 000
	.byt 000, 000, 000, 000, 000, 000, 000, 000, 000, 000, 000, 000, 000, 000, 000, 000, 000
	.byt 000, 000, 000, 000, 000, 000, 000, 000, 000, 000, 000, 000, 000, 000, 000, 000, 000
	.byt 000, 000, 000, 000, 000, 000, 000, 000, 000, 000, 000, 000, 000, 000, 000, 000, 000
	.byt 000, 000, 000, 000, 000, 000, 000, 000, 000, 000, 000, 000, 000, 000, 000, 000, 000
	.byt 000, 000, 000, 000, 000, 000, 000, 000, 000, 000, 000, 000, 000, 000, 000, 000, 000
	.byt 000, 000, 000, 000, 000, 000, 000, 000, 000, 000, 000, 000, 000, 000, 000, 000, 000
	.byt 000, 000, 000, 000, 000, 000, 000, 000, 000, 000, 000, 000, 000, 000, 000, 000, 000
	.byt 000, 000, 000, 000, 000, 000, 000, 000, 000, 000, 000, 000, 000, 000, 000, 000, 000
	.byt 000, 000, 000, 000, 000, 000, 000, 000, 000, 000, 000, 000, 000, 000, 000, 000, 000
	.byt 000, 000, 000, 000, 000, 000, 000, 000, 000, 000, 000, 000, 000, 000, 000, 000, 000
	.byt 000, 000, 000, 000, 000, 000, 000, 000, 000, 000, 000, 000, 000, 000, 000, 000, 000
	.byt 000, 000, 000, 000, 000, 000, 000, 000, 000, 000, 000, 000, 000, 000, 000, 000, 000
	.byt 000, 000, 000, 000, 000, 000, 000, 000, 000, 000, 000, 000, 000, 000, 000, 000, 000
	.byt 000, 000, 000, 000, 000, 000, 000, 000, 000, 000, 000, 000, 000, 000, 000, 000, 000
	.byt 000, 000, 000, 000, 000, 000, 000, 000, 000, 000, 000, 000, 000, 000, 000, 000, 000
	.byt 000, 000, 000, 000, 000, 000, 000, 000, 000, 000, 000, 000, 000, 000, 000, 000, 000
	.byt 000, 000, 000, 000, 000, 000, 000, 000, 000, 000, 000, 000, 000, 000, 000, 000, 000
	.byt 000, 000, 000, 000, 000, 000, 000, 000, 000, 000, 000, 000, 000, 000, 000, 000, 000
	.byt 000, 000, 000, 000, 000, 000, 000, 000, 000, 000, 000, 000, 000, 000, 000, 000, 000
	.byt 000, 000, 000, 000, 000, 000, 000, 000, 000, 000, 000, 000, 000, 000, 000, 000, 000
	.byt 000, 000, 000, 000, 000, 000, 000, 000, 000, 000, 000, 000, 000, 000, 000, 000, 000
	.byt 000, 000, 000, 000, 000, 000, 000, 000, 000, 000, 000, 000, 000, 000, 000, 000, 000
	.byt 000, 000, 000, 000, 000, 000, 000, 000, 000, 000, 000, 000, 000, 000, 000, 000, 000
	.byt 000, 000, 000, 000, 000, 000, 000, 000, 000, 000, 000, 000, 000, 000, 000, 000, 000
	.byt 000, 000, 000, 000, 000, 000, 000, 000, 000, 000, 000, 000, 000, 000, 000, 000, 000
	.byt 000, 000, 000, 000, 000, 000, 000, 000, 000, 000, 000, 000, 000, 000, 000, 000, 000
	.byt 000, 000, 000, 000, 000, 000, 000, 000, 000, 000, 000, 000, 019, 024, 034, 000, 000
	.byt 000, 000, 000, 000, 000, 000, 000, 000, 000, 000, 000, 009, 014, 014, 035, 044, 000
	.byt 000, 000, 000, 000, 000, 000, 000, 000, 000, 000, 000, 010, 014, 025, 036, 045, 049
	.byt 000, 000, 000, 000, 000, 000, 000, 000, 000, 000, 000, 011, 014, 026, 037, 014, 014
	.byt 000, 000, 000, 000, 000, 000, 000, 000, 000, 000, 000, 012, 014, 027, 038, 014, 014
	.byt 000, 000, 000, 000, 000, 000, 000, 000, 000, 000, 001, 013, 014, 014, 014, 014, 014
	.byt 000, 000, 000, 000, 000, 000, 000, 000, 000, 000, 002, 014, 020, 028, 039, 030, 014
	.byt 000, 000, 000, 000, 000, 000, 000, 000, 000, 000, 003, 015, 000, 000, 000, 046, 014
	.byt 000, 000, 000, 000, 000, 000, 000, 000, 000, 000, 004, 014, 021, 029, 040, 047, 014
	.byt 000, 000, 000, 000, 000, 000, 000, 000, 000, 000, 005, 014, 014, 014, 014, 014, 014
	.byt 000, 000, 000, 000, 000, 000, 000, 000, 000, 000, 005, 014, 022, 030, 014, 014, 014
	.byt 000, 000, 000, 000, 000, 000, 000, 000, 000, 000, 006, 016, 000, 031, 014, 048, 014
	.byt 000, 000, 000, 000, 000, 000, 000, 000, 000, 000, 007, 017, 023, 032, 041, 043, 050
	.byt 000, 000, 000, 000, 000, 000, 000, 000, 000, 000, 008, 014, 014, 014, 042, 000, 000
	.byt 000, 000, 000, 000, 000, 000, 000, 000, 000, 000, 000, 018, 014, 033, 043, 000, 000
	.byt 000, 000, 000, 000, 000, 000, 000, 000, 000, 000, 000, 000, 000, 000, 000, 000, 000
	.byt 000, 000, 000, 000, 000, 000, 000, 000, 000, 000, 000, 000, 000, 000, 000, 000, 000
	.byt 000, 000, 000, 000, 000, 000, 000, 000, 000, 000, 000, 000, 000, 000, 000, 000, 000
	.byt 000, 000, 000, 000, 000, 000, 000, 000, 000, 000, 000, 000, 000, 000, 000, 000, 000
	.byt 000, 000, 000, 000, 000, 000, 000, 000, 000, 000, 000, 000, 000, 000, 000, 000, 000
	.byt 000, 000, 000, 000, 000, 000, 000, 000, 000, 000, 000, 000, 000, 000, 000, 000, 000
	.byt 000, 000, 000, 000, 000, 000, 000, 000, 000, 000, 000, 000, 000, 000, 000, 000, 000
	.byt 000, 000, 000, 000, 000, 000, 000, 000, 000, 000, 000, 000, 000, 000, 000, 000, 000
	.byt 000, 000, 000, 000, 000, 000, 000, 000, 000, 000, 000, 000, 000, 000, 000, 000, 000
	.byt 000, 000, 000, 000, 000, 000, 000, 000, 000, 000, 000, 000, 000, 000, 000, 000, 000
	.byt 000, 000, 000, 000, 000, 000, 000, 000, 000, 000, 000, 000, 000, 000, 000, 000, 000
	.byt 000, 000, 000, 000, 000, 000, 000, 000, 000, 000, 000, 000, 000, 000, 000, 000, 000
	.byt 000, 000, 000, 000, 000, 000, 000, 000, 000, 000, 000, 000, 000, 000, 000, 000, 000
	.byt 000, 000, 000, 000, 000, 000, 000, 000, 000, 000, 000, 000, 000, 000, 000, 000, 000
	.byt 000, 000, 000, 000, 000, 000, 000, 000, 000, 000, 000, 000, 000, 000, 000, 000, 000
	.byt 000, 000, 000, 000, 000, 000, 000, 000, 000, 000, 000, 000, 000, 000, 000, 000, 000
	.byt 000, 000, 000, 000, 000, 000, 000, 000, 000, 000, 000, 000, 000, 000, 000, 000, 000
	.byt 000, 000, 000, 000, 000, 000, 000, 000, 000, 000, 000, 000, 000, 000, 000, 000, 000
	.byt 000, 000, 000, 000, 000, 000, 000, 000, 000, 000, 000, 000, 000, 000, 000, 000, 000
	.byt 000, 000, 000, 000, 000, 000, 000, 000, 000, 000, 000, 000, 000, 000, 000, 000, 000
	.byt 000, 000, 000, 000, 000, 000, 000, 000, 000, 000, 000, 000, 000, 000, 000, 000, 000
	.byt 000, 000, 000, 000, 000, 000, 000, 000, 000, 000, 000, 000, 000, 000, 000, 000, 000
	.byt 000, 000, 000, 000, 000, 000, 000, 000, 000, 000, 000, 000, 000, 000, 000, 000, 000
	.byt 000, 000, 000, 000, 000, 000, 000, 000, 000, 000, 000, 000, 000, 000, 000, 000, 000
	.byt 000, 000, 000, 000, 000, 000, 000, 000, 000, 000, 000, 000, 000, 000, 000, 000, 000
	.byt 000, 000, 000, 000, 000, 000, 000, 000, 000, 000, 000, 000, 000, 000, 000, 000, 000
	.byt 000, 000, 000, 000, 000, 000, 000, 000, 000, 000, 000, 000, 000, 000, 000, 000, 000
	.byt 000, 000, 000, 000, 000, 000, 000, 000, 000, 000, 000, 000, 000, 000, 000, 000, 000
	.byt 000, 000, 000, 000, 000, 000, 000, 000, 000, 000, 000, 000, 000, 000, 000, 000, 000
	.byt 000, 000, 000, 000, 000, 000, 000, 000, 000, 000, 000, 000, 000, 000, 000, 000, 000
	.byt 000, 000, 000, 000, 000, 000, 000, 000, 000, 000, 000, 000, 000, 000, 000, 000, 000
	.byt 000, 000, 000, 000, 000, 000, 000, 000, 000, 000, 000, 000, 000, 000, 000, 000, 000
	.byt 000, 000, 000, 000, 000, 000, 000, 000, 000, 000, 000, 000, 000, 000, 000, 000, 000
	.byt 000, 000, 000, 000, 000, 000, 000, 000, 000, 000, 000, 000, 000, 000, 000, 000, 000
	.byt 000, 000, 000, 000, 000, 000, 000, 000, 000, 000, 000, 000, 000, 000, 000, 000, 000
	.byt 000, 000, 000, 000, 000, 000, 000, 000, 000, 000, 000, 000, 000, 000, 000, 000, 000
	.byt 000, 000, 000, 000, 000, 000, 000, 000, 000, 000, 000, 000, 000, 000, 000, 000, 000
	.byt 000, 000, 000, 000, 000, 000, 000, 000, 000, 000, 000, 000, 000, 000, 000, 000, 000
	.byt 000, 000, 000, 000, 000, 000, 000, 000, 000, 000, 000, 000, 000, 000, 000, 000, 000
	.byt 000, 000, 000, 000, 000, 000, 000, 000, 000, 000, 000, 000, 000, 000, 000, 000, 000
	.byt 000, 000, 000, 000, 000, 000, 000, 000, 000, 000, 000, 000, 000, 000, 000, 000, 000
	.byt 000, 000, 000, 000, 000, 000, 000, 000, 000, 000, 000, 000, 000, 000, 000, 000, 000
	.byt 000, 000, 000, 000, 000, 000, 000, 000, 000, 000, 000, 000, 000, 000, 000, 000, 000
	.byt 000, 000, 000, 000, 000, 000, 000, 000, 000, 000, 000, 000, 000, 000, 000, 000, 000
	.byt 000, 000, 000, 000, 000, 000, 000, 000, 000, 000, 000, 000, 000, 000, 000, 000, 000
	.byt 000, 000, 000, 000, 000, 000, 000, 000, 000, 000, 000, 000, 000, 000, 000, 000, 000
	.byt 000, 000, 000, 000, 000, 000, 000, 000, 000, 000, 000, 000, 000, 000, 000, 000, 000
	.byt 000, 000, 000, 000, 000, 000, 000, 000, 000, 000, 000, 000, 000, 000, 000, 000, 000
	.byt 000, 000, 000, 000, 000, 000, 000, 000, 000, 000, 000, 000, 000, 000, 000, 000, 000
	.byt 000, 000, 000, 000, 000, 000, 000, 000, 000, 000, 000, 000, 000, 000, 000, 000, 000
	.byt 000, 000, 000, 000, 000, 000, 000, 000, 000, 000, 000, 000, 000, 000, 000, 000, 000
	.byt 000, 000, 000, 000, 000, 000, 000, 000, 000, 000, 000, 000, 000, 000, 000, 000, 000
	.byt 000, 000, 000, 000, 000, 000, 000, 000, 000, 000, 000, 000, 000, 000, 000, 000, 000
	.byt 000, 000, 000, 000, 000, 000, 000, 000, 000, 000, 000, 000, 000, 000, 000, 000, 000
	.byt 000, 000, 000, 000, 000, 000, 000, 000, 000, 000, 000, 000, 000, 000, 000, 000, 000
	.byt 000, 000, 000, 000, 000, 000, 000, 000, 000, 000, 000, 000, 000, 000, 000, 000, 000
	.byt 000, 000, 000, 000, 000, 000, 000, 000, 000, 000, 000, 000, 000, 000, 000, 000, 000
	.byt 000, 000, 000, 000, 000, 000, 000, 000, 000, 000, 000, 000, 000, 000, 000, 000, 000
	.byt 000, 000, 000, 000, 000, 000, 000, 000, 000, 000, 000, 000, 000, 000, 000, 000, 000
	.byt 000, 000, 000, 000, 000, 000, 000, 000, 000, 000, 000, 000, 000, 000, 000, 000, 000
	.byt 000, 000, 000, 000, 000, 000, 000, 000, 000, 000, 000, 000, 000, 000, 000, 000, 000
	.byt 000, 000, 000, 000, 000, 000, 000, 000, 000, 000, 000, 000, 000, 000, 000, 000, 000
	.byt 000, 000, 000, 000, 000, 000, 000, 000, 000, 000, 000, 000, 000, 000, 000, 000, 000
	.byt 000, 000, 000, 000, 000, 000, 000, 000, 000, 000, 000, 000, 000, 000, 000, 000, 000
	.byt 000, 000, 000, 000, 000, 000, 000, 000, 000, 000, 000, 000, 000, 000, 000, 000, 000
	.byt 000, 000, 000, 000, 000, 000, 000, 000, 000, 000, 000, 000, 000, 000, 000, 000, 000
	.byt 000, 000, 000, 000, 000, 000, 000, 000, 000, 000, 000, 000, 000, 000, 000, 000, 000
	.byt 000, 000, 000, 000, 000, 000, 000, 000, 000, 000, 000, 000, 000, 000, 000, 000, 000
	.byt 000, 000, 000, 000, 000, 000, 000, 000, 000, 000, 000, 000, 000, 000, 000, 000, 000
	.byt 000, 000, 000, 000, 000, 000, 000, 000, 000, 000, 000, 000, 000, 000, 000, 000, 000
	.byt 000, 000, 000, 000, 000, 000, 000, 000, 000, 000, 000, 000, 000, 000, 000, 000, 000
	.byt 000, 000, 000, 000, 000, 000, 000, 000, 000, 000, 000, 000, 000, 000, 000, 000, 000

; Room tile set
tiles_start
	.byt $40, $40, $40, $40, $40, $40, $40, $43	; tile #1
	.byt $40, $40, $40, $40, $40, $43, $5F, $7F	; tile #2
	.byt $40, $40, $40, $40, $4F, $7F, $7F, $7F	; tile #3
	.byt $40, $40, $40, $7F, $7F, $7F, $7F, $7F	; tile #4
	.byt $40, $40, $7F, $7F, $7F, $7F, $7F, $7F	; tile #5
	.byt $40, $40, $78, $7F, $7F, $7F, $7F, $7F	; tile #6
	.byt $40, $40, $40, $70, $7F, $7F, $7F, $7F	; tile #7
	.byt $40, $40, $40, $40, $40, $70, $7C, $7E	; tile #8
	.byt $40, $40, $40, $40, $40, $40, $41, $4F	; tile #9
	.byt $40, $40, $40, $40, $40, $40, $7F, $7F	; tile #10
	.byt $40, $40, $40, $40, $43, $4F, $7F, $7F	; tile #11
	.byt $40, $41, $4F, $7F, $7F, $7F, $7F, $7F	; tile #12
	.byt $5F, $7F, $7F, $7F, $7F, $7F, $7F, $7F	; tile #13
	.byt $7F, $7F, $7F, $7F, $7F, $7F, $7F, $7F	; tile #14
	.byt $7F, $7F, $7F, $7F, $71, $60, $60, $60	; tile #15
	.byt $7F, $78, $70, $60, $60, $40, $40, $40	; tile #16
	.byt $7F, $5F, $4F, $47, $47, $43, $43, $43	; tile #17
	.byt $60, $70, $78, $7C, $7E, $7E, $7F, $7F	; tile #18
	.byt $41, $43, $47, $47, $4F, $4F, $4F, $4F	; tile #19
	.byt $7F, $7E, $7E, $7E, $7E, $7E, $7C, $7C	; tile #20
	.byt $5F, $5F, $4F, $4F, $4F, $4F, $4F, $47	; tile #21
	.byt $7E, $7E, $7E, $7E, $7E, $7E, $7E, $7E	; tile #22
	.byt $41, $41, $41, $41, $41, $41, $41, $41	; tile #23
	.byt $4F, $4F, $4F, $4F, $47, $47, $47, $43	; tile #24
	.byt $7F, $7F, $7F, $7E, $7E, $7C, $7C, $7C	; tile #25
	.byt $78, $60, $40, $40, $40, $40, $40, $40	; tile #26
	.byt $5F, $47, $43, $41, $41, $40, $40, $40	; tile #27
	.byt $7C, $7C, $7C, $7C, $7C, $7C, $7C, $7C	; tile #28
	.byt $47, $47, $47, $47, $47, $47, $47, $47	; tile #29
	.byt $7E, $7F, $7F, $7F, $7F, $7F, $7F, $7F	; tile #30
	.byt $40, $40, $40, $60, $60, $70, $78, $7F	; tile #31
	.byt $43, $43, $43, $47, $47, $4F, $5F, $7F	; tile #32
	.byt $7F, $7F, $7E, $7E, $7C, $78, $78, $70	; tile #33
	.byt $43, $41, $40, $40, $40, $40, $40, $40	; tile #34
	.byt $7F, $7F, $7F, $7F, $5F, $4F, $4F, $47	; tile #35
	.byt $7C, $7C, $7C, $7E, $7E, $7F, $7F, $7F	; tile #36
	.byt $40, $40, $40, $40, $40, $40, $60, $78	; tile #37
	.byt $40, $40, $40, $41, $41, $43, $47, $5F	; tile #38
	.byt $7C, $7C, $7C, $7C, $7E, $7E, $7E, $7E	; tile #39
	.byt $47, $47, $47, $4F, $4F, $4F, $4F, $4F	; tile #40
	.byt $7F, $7F, $7F, $7F, $7F, $7F, $7C, $78	; tile #41
	.byt $7F, $7E, $7C, $78, $60, $40, $40, $40	; tile #42
	.byt $60, $40, $40, $40, $40, $40, $40, $40	; tile #43
	.byt $43, $41, $41, $40, $40, $40, $40, $40	; tile #44
	.byt $7F, $7F, $7F, $7F, $7F, $7F, $7F, $5F	; tile #45
	.byt $40, $40, $40, $60, $60, $71, $7F, $7F	; tile #46
	.byt $5F, $5F, $5F, $7F, $7F, $7F, $7F, $7F	; tile #47
	.byt $7F, $7F, $7C, $78, $70, $70, $70, $7E	; tile #48
	.byt $5F, $5F, $5F, $5F, $4F, $47, $43, $41	; tile #49
	.byt $70, $7C, $7E, $7E, $7E, $7E, $7E, $78	; tile #50
; Walkbox Data
wb_data
	.byt 001, 127, 012, 016, $00
; Walk matrix
wb_matrix
	.byt 0


res_end
.)
