;;;;;;;;;;;;;;;;;;;;;;;;;;;;;;;;;;;;;;;
; Room: Cells
;;;;;;;;;;;;;;;;;;;;;;;;;;;;;;;;;;;;;;;
.(
	.byt RESOURCE_ROOM
	.word (res_end - res_start + 4)
	.byt 37
res_start
; No. columns, offset to tile map, offset to tiles
	.byt 38, <(column_data-res_start), >(column_data-res_start), <(tiles_start-res_start), >(tiles_start-res_start)
; No. zplanes and offsets to zplanes
	.byt 0
; No. Walkboxes and offsets to wb data and matrix
	.byt 2, <(wb_data-res_start), >(wb_data-res_start), <(wb_matrix-res_start), >(wb_matrix-res_start)
; Offset to palette
	.byt 0, 0	; No palette information
; Entry and exit scripts
	.byt 255, 255
; Number of objects in the room and list of ids
	.byt 0
; Room name (null terminated)
	.asc "Cells", 0
; Room tile map
column_data
	.byt 000, 000, 000, 000, 000, 000, 000, 000, 000, 000, 000, 000, 000, 000, 000, 000, 000
	.byt 000, 000, 000, 000, 000, 000, 000, 000, 000, 000, 000, 000, 000, 000, 000, 000, 000
	.byt 000, 000, 000, 000, 000, 000, 000, 000, 000, 000, 000, 000, 000, 000, 000, 000, 000
	.byt 000, 000, 000, 000, 000, 000, 000, 000, 000, 000, 000, 000, 000, 000, 000, 000, 000
	.byt 000, 000, 000, 000, 000, 000, 000, 000, 000, 000, 000, 000, 000, 000, 000, 000, 000
	.byt 000, 000, 000, 000, 000, 000, 000, 000, 000, 000, 000, 000, 000, 000, 000, 000, 000
	.byt 000, 000, 000, 000, 000, 000, 000, 000, 000, 000, 000, 000, 000, 000, 000, 000, 000
	.byt 000, 000, 000, 000, 000, 000, 000, 000, 000, 000, 000, 000, 000, 000, 000, 000, 000
	.byt 000, 000, 000, 000, 000, 000, 000, 000, 000, 000, 000, 000, 000, 000, 000, 000, 000
	.byt 000, 000, 000, 000, 000, 000, 000, 000, 000, 000, 000, 000, 000, 000, 000, 000, 000
	.byt 000, 000, 000, 000, 000, 000, 000, 000, 000, 000, 000, 000, 000, 000, 000, 000, 000
	.byt 000, 000, 000, 000, 000, 000, 000, 000, 000, 000, 000, 000, 000, 000, 000, 000, 000
	.byt 000, 000, 000, 000, 000, 000, 000, 000, 000, 000, 000, 000, 000, 000, 000, 000, 000
	.byt 000, 000, 000, 000, 000, 000, 000, 000, 000, 000, 000, 000, 000, 000, 000, 000, 000
	.byt 000, 000, 000, 000, 000, 000, 000, 000, 000, 000, 000, 000, 000, 000, 000, 000, 000
	.byt 000, 000, 000, 000, 000, 000, 000, 000, 000, 000, 000, 000, 000, 000, 000, 000, 000
	.byt 000, 000, 000, 000, 000, 000, 000, 000, 000, 000, 000, 000, 000, 000, 000, 000, 000
	.byt 000, 000, 001, 001, 001, 001, 001, 001, 001, 001, 001, 001, 001, 001, 001, 001, 000
	.byt 000, 000, 002, 002, 002, 002, 002, 002, 002, 002, 002, 002, 002, 002, 002, 002, 000
	.byt 000, 000, 002, 002, 002, 002, 002, 002, 002, 002, 002, 002, 002, 002, 002, 002, 000
	.byt 000, 000, 002, 002, 002, 002, 002, 002, 002, 002, 002, 002, 002, 002, 002, 002, 000
	.byt 000, 000, 000, 000, 000, 000, 000, 003, 005, 005, 007, 009, 005, 005, 005, 012, 000
	.byt 000, 000, 000, 000, 000, 000, 000, 004, 006, 006, 008, 010, 006, 006, 011, 000, 000
	.byt 000, 000, 000, 000, 000, 000, 000, 000, 000, 000, 000, 000, 000, 000, 000, 000, 000
	.byt 000, 000, 000, 000, 000, 000, 000, 000, 000, 000, 000, 000, 000, 000, 000, 000, 000
	.byt 000, 000, 000, 000, 000, 000, 000, 000, 000, 000, 000, 000, 000, 000, 000, 000, 000
	.byt 000, 000, 000, 000, 000, 000, 000, 000, 000, 000, 000, 000, 000, 000, 000, 000, 000
	.byt 000, 000, 000, 000, 000, 000, 000, 000, 000, 000, 000, 000, 000, 000, 000, 000, 000
	.byt 000, 000, 000, 000, 000, 000, 000, 000, 000, 000, 000, 000, 000, 000, 000, 000, 000
	.byt 000, 000, 000, 000, 000, 000, 000, 000, 000, 000, 000, 000, 000, 000, 000, 000, 000
	.byt 000, 000, 000, 000, 000, 000, 000, 000, 000, 000, 000, 000, 000, 000, 000, 000, 000
	.byt 000, 000, 000, 000, 000, 000, 000, 000, 000, 000, 000, 000, 000, 000, 000, 000, 000
	.byt 000, 000, 000, 000, 000, 000, 000, 000, 000, 000, 000, 000, 000, 000, 000, 000, 000
	.byt 000, 000, 000, 000, 000, 000, 000, 000, 000, 000, 000, 000, 000, 000, 000, 000, 000
	.byt 000, 000, 000, 000, 000, 000, 000, 000, 000, 000, 000, 000, 000, 000, 000, 000, 000
	.byt 000, 000, 000, 000, 000, 000, 000, 000, 000, 000, 000, 000, 000, 000, 000, 000, 000
	.byt 000, 000, 000, 000, 000, 000, 000, 000, 000, 000, 000, 000, 000, 000, 000, 000, 000
	.byt 000, 000, 000, 000, 000, 000, 000, 000, 000, 000, 000, 000, 000, 000, 000, 000, 000

; Room tile set
tiles_start
	.byt $5F, $5F, $5F, $5F, $5F, $5F, $5F, $5F	; tile #1
	.byt $7F, $7F, $7F, $7F, $7F, $7F, $7F, $7F	; tile #2
	.byt $45, $45, $55, $55, $55, $55, $55, $55	; tile #3
	.byt $40, $40, $50, $50, $50, $50, $50, $50	; tile #4
	.byt $55, $55, $55, $55, $55, $55, $55, $55	; tile #5
	.byt $50, $50, $50, $50, $50, $50, $50, $50	; tile #6
	.byt $55, $55, $55, $55, $55, $57, $5F, $5F	; tile #7
	.byt $50, $50, $50, $50, $70, $70, $70, $70	; tile #8
	.byt $5D, $5D, $5F, $5F, $5D, $55, $55, $55	; tile #9
	.byt $70, $70, $70, $50, $50, $50, $50, $50	; tile #10
	.byt $50, $50, $50, $50, $50, $50, $40, $40	; tile #11
	.byt $54, $54, $50, $50, $40, $40, $40, $40	; tile #12
; Walkbox Data
wb_data
	.byt 021, 035, 013, 015, $22
	.byt 000, 017, 013, 015, $01
; Walk matrix
wb_matrix
	.byt 0, 128
	.byt 128, 1


res_end
.)
