;;;;;;;;;;;;;;;;;;;;;;;;;;;;;;;;;;;;;;;
; Room: caveentry
;;;;;;;;;;;;;;;;;;;;;;;;;;;;;;;;;;;;;;;
.(
	.byt RESOURCE_ROOM
	.word (res_end - res_start + 4)
	.byt 32
res_start
; No. columns, offset to tile map, offset to tiles
	.byt 38, <(column_data-res_start), >(column_data-res_start), <(tiles_start-res_start), >(tiles_start-res_start)
; No. zplanes and offsets to zplanes
	.byt 0
; No. Walkboxes and offsets to wb data and matrix
	.byt 0, <(wb_data-res_start), >(wb_data-res_start), <(wb_matrix-res_start), >(wb_matrix-res_start)
; Offset to palette
	.byt <(palette-res_start), >(palette-res_start)
; Entry and exit scripts
	.byt 255, 255
; Number of objects in the room and list of ids
	.byt 0
; Room name (null terminated)
	.asc "caveentry", 0
; Room tile map
column_data
	.byt 000, 000, 000, 000, 000, 000, 000, 000, 000, 000, 000, 000, 000, 000, 000, 000, 000
	.byt 000, 000, 000, 000, 000, 000, 000, 000, 000, 000, 000, 000, 000, 000, 000, 000, 000
	.byt 000, 000, 000, 000, 000, 000, 000, 000, 000, 000, 000, 000, 000, 000, 000, 000, 000
	.byt 000, 000, 000, 000, 000, 000, 000, 000, 000, 000, 000, 000, 000, 000, 000, 000, 000
	.byt 000, 000, 000, 000, 000, 000, 000, 000, 000, 000, 000, 000, 000, 000, 000, 000, 000
	.byt 000, 000, 000, 000, 000, 000, 000, 000, 000, 000, 000, 000, 000, 000, 000, 000, 000
	.byt 000, 000, 000, 000, 000, 000, 000, 000, 000, 000, 000, 000, 000, 000, 000, 000, 000
	.byt 000, 000, 000, 000, 000, 000, 000, 000, 000, 000, 000, 000, 000, 000, 000, 000, 000
	.byt 000, 000, 000, 000, 000, 000, 000, 000, 000, 000, 000, 000, 000, 000, 000, 000, 000
	.byt 000, 000, 000, 000, 000, 000, 000, 000, 000, 000, 000, 000, 000, 000, 000, 000, 000
	.byt 000, 000, 000, 000, 000, 000, 000, 000, 000, 000, 000, 000, 000, 000, 000, 000, 000
	.byt 000, 000, 000, 000, 000, 000, 000, 000, 000, 000, 000, 000, 000, 000, 000, 000, 000
	.byt 000, 000, 000, 000, 000, 000, 000, 000, 000, 000, 000, 000, 000, 000, 000, 000, 000
	.byt 000, 000, 000, 000, 000, 000, 000, 000, 000, 000, 000, 000, 000, 000, 000, 000, 000
	.byt 000, 000, 000, 000, 000, 000, 000, 000, 000, 000, 000, 000, 000, 000, 000, 000, 000
	.byt 000, 000, 000, 000, 000, 000, 000, 000, 000, 000, 000, 000, 000, 000, 000, 000, 000
	.byt 000, 000, 000, 000, 000, 000, 000, 000, 000, 000, 000, 000, 000, 000, 000, 000, 000
	.byt 000, 000, 000, 000, 000, 000, 000, 000, 000, 000, 000, 000, 000, 000, 000, 000, 000
	.byt 000, 000, 000, 000, 000, 000, 000, 000, 000, 000, 000, 000, 000, 000, 000, 000, 000
	.byt 000, 000, 000, 000, 000, 000, 000, 000, 000, 000, 000, 000, 000, 000, 000, 000, 000
	.byt 000, 001, 001, 001, 001, 001, 003, 005, 000, 000, 000, 000, 000, 000, 000, 000, 000
	.byt 000, 002, 002, 002, 002, 002, 004, 000, 000, 000, 000, 000, 000, 000, 000, 000, 000
	.byt 000, 000, 000, 000, 000, 000, 000, 000, 000, 000, 000, 000, 000, 000, 000, 000, 000
	.byt 000, 000, 000, 000, 000, 000, 000, 000, 000, 000, 000, 000, 000, 000, 000, 000, 000
	.byt 000, 000, 000, 000, 000, 000, 000, 000, 000, 000, 000, 000, 000, 000, 000, 000, 000
	.byt 000, 000, 000, 000, 000, 000, 000, 000, 000, 000, 000, 000, 000, 000, 000, 000, 000
	.byt 000, 000, 000, 000, 000, 000, 000, 000, 000, 000, 000, 000, 000, 000, 000, 000, 000
	.byt 000, 000, 000, 000, 000, 000, 000, 000, 000, 000, 000, 000, 000, 000, 000, 000, 000
	.byt 000, 000, 000, 000, 000, 000, 000, 000, 000, 000, 000, 000, 000, 000, 000, 000, 000
	.byt 000, 000, 000, 000, 000, 000, 000, 000, 000, 000, 000, 000, 000, 000, 000, 000, 000
	.byt 000, 000, 000, 000, 000, 000, 000, 000, 000, 000, 000, 000, 000, 000, 000, 000, 000
	.byt 000, 000, 000, 000, 000, 000, 000, 000, 000, 000, 000, 000, 000, 000, 000, 000, 000
	.byt 000, 000, 000, 000, 000, 000, 000, 000, 000, 000, 000, 000, 000, 000, 000, 000, 000
	.byt 000, 000, 000, 000, 000, 000, 000, 000, 000, 000, 000, 000, 000, 000, 000, 000, 000
	.byt 000, 000, 000, 000, 000, 000, 000, 000, 000, 000, 000, 000, 000, 000, 000, 000, 000
	.byt 000, 000, 000, 000, 000, 000, 000, 000, 000, 000, 000, 000, 000, 000, 000, 000, 000
	.byt 000, 000, 000, 000, 000, 000, 000, 000, 000, 000, 000, 000, 000, 000, 000, 000, 000
	.byt 000, 000, 000, 000, 000, 000, 000, 000, 000, 000, 000, 000, 000, 000, 000, 000, 000

; Room tile set
tiles_start
	.byt $4F, $4F, $4F, $4F, $4F, $4F, $4F, $4F	; tile #1
	.byt $60, $60, $60, $60, $60, $60, $60, $60	; tile #2
	.byt $4F, $4F, $4F, $4F, $4F, $4F, $4F, $47	; tile #3
	.byt $60, $60, $60, $60, $60, $60, $60, $40	; tile #4
	.byt $42, $40, $40, $40, $40, $40, $40, $40	; tile #5
; Walkbox Data
wb_data
; Walk matrix
wb_matrix
; Palette Information is stored as one column only for now...
; Palette
palette
.byt 7, 7, 7, 7, 7, 7, 7, 7, 7, 7, 7, 7, 7, 7, 7, 7
.byt 7, 7, 7, 7, 7, 7, 7, 7, 7, 7, 7, 7, 7, 7, 7, 7
.byt 7, 7, 7, 7, 7, 7, 7, 7, 7, 7, 7, 7, 7, 7, 7, 7
.byt 7, 7, 7, 7, 7, 7, 7, 7, 7, 7, 7, 7, 7, 7, 7, 7
.byt 7, 7, 7, 7, 7, 7, 7, 7, 7, 7, 7, 7, 7, 7, 7, 7
.byt 7, 7, 7, 7, 7, 7, 7, 7, 7, 7, 7, 7, 7, 7, 7, 7
.byt 7, 7, 7, 7, 7, 7, 7, 7, 7, 7, 7, 7, 7, 7, 7, 7
.byt 7, 7, 7, 7, 7, 7, 7, 7, 7, 7, 7, 7, 7, 7, 7, 7
.byt 7, 7, 7, 7, 7, 7, 7, 7


res_end
.)
